|subj|Arts & Humanities|Clinical, Pre-Clinical & Health|Engineering & Technology|Life Sciences|Physical Sciences|Social Sciences|
|:---:|:---:|:---:|:---:|:---:|:---:|:---:|
|Arts & Humanities|0.44014|0.00789|0.00839|0.00548|0.00486|0.08796|
|Clinical, Pre-Clinical & Health|0.00789|0.49260|0.10568|0.23138|0.02979|0.08872|
|Engineering & Technology|0.00839|0.10568|0.40166|0.16709|0.21472|0.06353|
|Life Sciences|0.00548|0.23138|0.16709|0.56026|0.12893|0.06877|
|Physical Sciences|0.00486|0.02979|0.21472|0.12893|0.61580|0.02555|
|Social Sciences|0.08796|0.08872|0.06353|0.06877|0.02555|0.50898|