|subj|Arts & Humanities|Clinical, Pre-Clinical & Health|Engineering & Technology|Life Sciences|Physical Sciences|Social Sciences|
|:---:|:---:|:---:|:---:|:---:|:---:|:---:|
|Arts & Humanities|0.43957|0.00786|0.00838|0.00548|0.00486|0.08812|
|Clinical, Pre-Clinical & Health|0.00786|0.49220|0.10560|0.23119|0.02996|0.08877|
|Engineering & Technology|0.00838|0.10560|0.40222|0.16697|0.21588|0.06360|
|Life Sciences|0.00548|0.23119|0.16697|0.55937|0.12924|0.06881|
|Physical Sciences|0.00486|0.02996|0.21588|0.12924|0.61425|0.02560|
|Social Sciences|0.08812|0.08877|0.06360|0.06881|0.02560|0.50933|